== Int en_US
[12,34]	1234
[1,00]	100
[1,0000]	10000
[1234,567]	1234567
[1,234,567]	1234567
[,5]	5
[1,000.5]	1000
[1.5e1]	15
[1e]	1
[1e+2]	100
[1E2]	100
[-1e1]	-10
[- 5]	-5
[+ 5]	5
[--5]	-5
[5-]	5
[1 000]	1000
[0]	0
[-0]	0
[+0]	0
[00012]	12
[9223372036854775807]	9223372036854775807
[9223372036854775808]	nil
[-9223372036854775808]	-9223372036854775808
[1e30]	nil
[  ]	nil
[	7]	7
[7
]	7
[1.e1]	10
[.5]	0
[-.5]	0
[1.9]	1
[-1.9]	-1
== Double posix
[1e]	1.0
[1e+2]	100.0
[1E2]	100.0
[1e-2]	0.01
[-1e1]	-10.0
[- 5]	-5.0
[--5]	-5.0
[5-]	5.0
[	915]	915.0
[915
]	915.0
[1.5e1]	15.0
[1.e1]	10.0
[-.5]	-0.5
[+.5]	0.5
[-0]	-0.0
[NaN]	nan
[Infinity]	inf
[-inf]	nil
[1e400]	inf
[1e-400]	0.0
[0.0005]	0.0005
[915.00049999]	915.00049999
[  ]	nil
[9,15]	9.0
[1 000]	1.0
[00915.0]	915.0
